N=4096: 0.198210 s (693.401242 GFlops)
error: 0.000701
