N    : 8192
comp : 0.268605 s
comm : 0.134973 s
total: 0.403578 s (2724.411031 GFlops)
error: 0.001953
