N    : 8192
comp : 1.017170 s
comm : 0.157740 s
total: 1.174910 s (935.826312 GFlops)
error: 0.001953
