N    : 8192
comp : 1.862391 s
comm : 0.107104 s
total: 1.969495 s (558.270857 GFlops)
error: 0.001953
